Run semi-empirical minimization
 &qmmm
    qm_theory='AM1', grms_tol=0.0005,
 scfconv=1.d-10, ndiis_attempts=700,   qmcharge=0,
 /
   6    C1        3.2290      -14.6230       -5.9200 
   6    C2        4.6670      -14.3340       -5.4650 
   6    C3        5.3470      -15.6240       -4.9720 
   8    O1        4.5840      -13.3790       -4.4090 
   6    C4        5.6920      -12.6330       -4.0620 
   6    C5        6.9630      -12.7240       -4.6800 
   6    C6        8.0320      -11.9100       -4.2540 
   6    C7        7.8550      -10.9860       -3.1960 
   7    N1        8.8910      -10.1640       -2.6640 
   6    C8       10.1900      -10.0690       -3.0170 
   8    O2       10.6760      -10.5650       -4.0340 
   6    C9       11.0780       -9.2530       -2.0590 
   6   C10       12.1890       -8.4240       -2.7760 
   6   C11       13.5320       -8.6080       -2.0380 
   6   C12       13.9670      -10.0810       -2.2000 
   6   C13       12.8870      -11.0060       -1.5960 
   6   C14       11.7430      -10.1600       -0.9780 
   7    N2       12.3370       -9.2560        0.0340 
  16    S1       12.4290       -9.7300        1.7050 
   8    O3       12.7170       -8.5360        2.5090 
   8    O4       11.2600      -10.5730        2.0060 
   6   C15       13.8560      -10.7680        1.8010 
   6   C16       15.1530      -10.1870        1.9170 
   6   C17       16.1400      -11.1370        1.9690 
  16    S2       15.4840      -12.7550        1.8920 
   6   C18       13.8570      -12.1370        1.7950 
   6   C19       13.3310       -8.3100       -0.5300 
   6   C20        6.5870      -10.8940       -2.5860 
   6   C21        5.5210      -11.7050       -3.0210 
   1    H1        2.7010      -15.1900       -5.1440 
   1    H2        3.2390      -15.2220       -6.8390 
   1    H3        2.6920      -13.6820       -6.0860 
   1    H4        5.2370      -13.9250       -6.3090 
   1    H5        5.3740      -16.3620       -5.7820 
   1    H6        4.7800      -16.0500       -4.1350 
   1    H7        6.3770      -15.4100       -4.6630 
   1    H8        7.1170      -13.4300       -5.4900 
   1    H9        8.9980      -11.9920       -4.7420 
   1   H10        8.5960       -9.5620       -1.9050 
   1   H11       10.4300       -8.5650       -1.5020 
   1   H12       11.9130       -7.3620       -2.7730 
   1   H13       12.2900       -8.7670       -3.8130 
   1   H14       14.2910       -7.9440       -2.4710 
   1   H15       14.9200      -10.2410       -1.6810 
   1   H16       14.0950      -10.3110       -3.2650 
   1   H17       13.3380      -11.6330       -0.8170 
   1   H18       12.4770      -11.6500       -2.3840 
   1   H19       10.9860      -10.8320       -0.5560 
   1   H20       15.3300       -9.1190        1.9590 
   1   H21       17.2100      -10.9910        2.0470 
   1   H22       13.0170      -12.8160        1.7400 
   1   H23       12.9710       -7.2810       -0.4070 
   1   H24       14.2870       -8.4230       -0.0050 
   1   H25        6.4310      -10.1900       -1.7730 
   1   H26        4.5500      -11.6110       -2.5430 

