Run semi-empirical minimization
 &qmmm
    qm_theory='AM1', grms_tol=0.0005,
 scfconv=1.d-10, ndiis_attempts=700,   qmcharge=0,
 /
   6    C1        1.6100        4.2180        7.2140 
   6    C2        1.2610        2.7810        7.5780 
   6    C3        2.1880        1.8210        6.8140 
   8    O1       -0.0880        2.5210        7.2050 
   6    C4       -1.1280        2.6990        8.0970 
   6    C5       -2.4110        2.3340        7.6430 
   6    C6       -3.5170        2.3370        8.5140 
   6    C7       -3.3660        2.7210        9.8620 
   7    N1       -4.5190        2.6240       10.6920 
   6    C8       -4.6450        2.7340       12.0270 
   8    O2       -3.7180        2.9830       12.7940 
   6    C9       -6.0730        2.5310       12.5750 
   6   C10       -6.6120        3.7990       13.3010 
   6   C11       -7.1530        3.4170       14.6970 
   6   C12       -5.9880        2.8360       15.5300 
   6   C13       -5.4880        1.5250       14.8750 
   6   C14       -6.2070        1.2990       13.5210 
   7    N2       -7.6460        1.1540       13.8370 
  16    S1       -8.4140       -0.4010       13.8900 
   8    O3       -7.4120       -1.3940       14.3090 
   8    O4       -9.6880       -0.2600       14.6140 
   6   C15       -8.8340       -0.7600       12.2120 
   6   C16       -7.8110       -0.9980       11.2500 
   6   C17       -8.3240       -1.2790       10.0090 
  16    S2      -10.0690       -1.2660       10.0140 
   6   C18      -10.1020       -0.8660       11.7090 
   6   C19       -8.2380        2.3220       14.5350 
   6   C20       -2.1000        3.1720       10.3020 
   6   C21       -0.9970        3.1640        9.4280 
   1    H1        2.6230        4.4200        7.4910 
   1    H2        0.9570        4.8860        7.7350 
   1    H3        1.4940        4.3560        6.1590 
   1    H4        1.3830        2.6360        8.6310 
   1    H5        2.0640        1.9680        5.7610 
   1    H6        1.9410        0.8110        7.0640 
   1    H7        3.2050        2.0170        7.0840 
   1    H8       -2.5420        2.0610        6.6570 
   1    H9       -4.4450        2.0560        8.1620 
   1   H10       -5.3590        2.4480       10.2110 
   1   H11       -6.6690        2.3420       11.7070 
   1   H12       -7.4010        4.2310       12.7210 
   1   H13       -5.8160        4.5050       13.4130 
   1   H14       -7.5690        4.2770       15.1790 
   1   H15       -6.3280        2.6320       16.5240 
   1   H16       -5.1870        3.5450       15.5660 
   1   H17       -5.6950        0.7020       15.5270 
   1   H18       -4.4350        1.5980       14.7050 
   1   H19       -5.7780        0.4490       13.0350 
   1   H20       -6.8010       -0.9630       11.4610 
   1   H21       -7.7490       -1.4740        9.1750 
   1   H22      -10.9630       -0.7280       12.2600 
   1   H23       -9.0550        2.7080       13.9610 
   1   H24       -8.5970        2.0230       15.4980 
   1   H25       -1.9840        3.5110       11.2700 
   1   H26       -0.0800        3.5000        9.7610 

