Run semi-empirical minimization
 &qmmm
    qm_theory='AM1', grms_tol=0.0005,
 scfconv=1.d-10, ndiis_attempts=700,   qmcharge=0,
 /
   6    C1       22.4750       49.0830       19.0830 
   6    C2       23.4170       48.3680       20.0570 
   6    C3       23.1150       48.8340       21.4860 
   8    O1       24.7270       48.7330       19.6380 
   6    C4       25.8340       48.2370       20.2890 
   6    C5       25.8380       47.1240       21.1690 
   6    C6       27.0270       46.7420       21.8280 
   6    C7       28.2270       47.4620       21.6010 
   7    N1       29.4690       47.1720       22.2140 
   6    C8       29.7280       46.6700       23.4330 
   8    O2       28.8850       46.1180       24.1370 
   6    C9       31.2030       46.7680       23.8990 
   6   C10       31.3770       46.6920       25.4480 
   6   C11       32.2790       47.8400       25.9460 
   6   C12       31.5920       49.1830       25.6170 
   6   C13       31.4040       49.3120       24.0840 
   6   C14       31.9460       48.0420       23.3780 
   7    N2       33.3750       47.9330       23.7410 
  16    S1       34.6200       48.5110       22.6710 
   8    O3       33.9810       49.0950       21.4810 
   8    O4       35.5900       49.2800       23.4630 
   6   C15       35.4530       47.0530       22.1330 
   6   C16       36.1800       47.0760       20.9050 
   6   C17       36.7690       45.8690       20.6330 
  16    S2       36.4430       44.6920       21.8830 
   6   C18       35.4800       45.8400       22.7680 
   6   C19       33.6290       47.7820       25.1920 
   6   C20       28.2270       48.5310       20.6840 
   6   C21       27.0420       48.9140       20.0390 
   1    H1       21.4610       48.8550       19.3360 
   1    H2       22.6770       48.7540       18.0850 
   1    H3       22.6300       50.1400       19.1490 
   1    H4       23.3040       47.3040       20.0540 
   1    H5       23.2150       49.8970       21.5430 
   1    H6       23.8040       48.3740       22.1630 
   1    H7       22.1160       48.5540       21.7490 
   1    H8       24.9690       46.5920       21.3280 
   1    H9       27.0230       45.9380       22.4760 
   1   H10       30.2620       47.3680       21.6650 
   1   H11       31.6520       45.9030       23.4590 
   1   H12       31.8230       45.7550       25.7070 
   1   H13       30.4160       46.7820       25.9090 
   1   H14       32.4420       47.7500       26.9990 
   1   H15       32.2000       49.9900       25.9700 
   1   H16       30.6350       49.2180       26.0950 
   1   H17       31.9390       50.1690       23.7320 
   1   H18       30.3630       49.4210       23.8640 
   1   H19       31.8000       48.1120       22.3200 
   1   H20       36.2530       47.9050       20.2950 
   1   H21       37.3350       45.6780       19.7920 
   1   H22       34.9930       45.6340       23.6540 
   1   H23       34.1030       46.8410       25.3780 
   1   H24       34.2680       48.5690       25.5330 
   1   H25       29.1050       49.0350       20.4860 
   1   H26       27.0570       49.7030       19.3730 

