Run semi-empirical minimization
 &qmmm
    qm_theory='AM1', grms_tol=0.0005,
 scfconv=1.d-10, ndiis_attempts=700,   qmcharge=0,
 /
   6    C1       13.2130       -0.1560       -0.8200 
   6    C2       13.2070       -1.0000        0.4590 
   6    C3       13.9610       -0.2490        1.5630 
   8    O1       13.8520       -2.2170        0.1000 
   6    C4       13.9960       -3.2300        1.0210 
   6    C5       13.2860       -3.3350        2.2440 
   6    C6       13.5620       -4.3910        3.1400 
   6    C7       14.5420       -5.3610        2.8130 
   7    N1       14.9040       -6.4520        3.6390 
   6    C8       14.9280       -6.5420        4.9790 
   8    O2       14.3680       -5.7440        5.7270 
   6    C9       15.6680       -7.7770        5.5540 
   6   C10       16.1430       -7.5920        7.0290 
   6   C11       17.6250       -7.9930        7.1730 
   6   C12       18.4760       -7.0580        6.2860 
   6   C13       18.0480       -7.2120        4.8040 
   6   C14       16.8900       -8.2380        4.6940 
   7    N2       17.3990       -9.5110        5.2450 
  16    S1       18.0070      -10.7640        4.2010 
   8    O3       17.9340      -10.2890        2.8090 
   8    O4       19.2680      -11.2640        4.7640 
   6   C15       16.8350      -12.0720        4.3510 
   6   C16       16.7240      -13.0350        3.3020 
   6   C17       15.7730      -13.9830        3.5730 
  16    S2       15.0070      -13.7100        5.1200 
   6   C18       15.9670      -12.2840        5.3890 
   6   C19       17.8040       -9.4450        6.6680 
   6   C20       15.2030       -5.2820        1.5720 
   6   C21       14.9340       -4.2260        0.6890 
   1    H1       14.0950       -0.4030       -1.4240 
   1    H2       13.2550        0.9100       -0.5660 
   1    H3       12.3160       -0.3690       -1.4150 
   1    H4       12.1730       -1.1780        0.7760 
   1    H5       13.7160        0.8190        1.5200 
   1    H6       15.0430       -0.3620        1.4230 
   1    H7       13.6640       -0.6320        2.5470 
   1    H8       12.5260       -2.5990        2.4930 
   1    H9       13.0230       -4.4600        4.0810 
   1   H10       15.1850       -7.2830        3.1330 
   1   H11       14.9840       -8.6330        5.5090 
   1   H12       15.5310       -8.2200        7.6890 
   1   H13       16.0210       -6.5410        7.3200 
   1   H14       17.9360       -7.8960        8.2200 
   1   H15       19.5360       -7.3190        6.3900 
   1   H16       18.3280       -6.0180        6.6040 
   1   H17       18.9030       -7.5600        4.2120 
   1   H18       17.7140       -6.2410        4.4180 
   1   H19       16.5820       -8.3230        3.6440 
   1   H20       17.3230      -13.0120        2.4010 
   1   H21       15.4720      -14.8260        2.9650 
   1   H22       15.8320      -11.6980        6.2880 
   1   H23       17.1790      -10.1210        7.2650 
   1   H24       18.8550       -9.7420        6.7690 
   1   H25       15.9260       -6.0440        1.2970 
   1   H26       15.4560       -4.1750       -0.2620 

