Run semi-empirical minimization
 &qmmm
    qm_theory='AM1', grms_tol=0.0005,
 scfconv=1.d-10, ndiis_attempts=700,   qmcharge=0,
 /
   6    C1        1.4430        3.7750       -3.8320 
   6    C2        0.0150        3.4310       -4.2330 
   6    C3       -0.9060        3.5650       -3.0090 
   8    O1       -0.0260        2.0870       -4.7010 
   6    C4        0.1210        1.7870       -6.0420 
   6    C5       -0.0170        0.4310       -6.3990 
   6    C6       -0.0310        0.0340       -7.7490 
   6    C7        0.1080        0.9880       -8.7780 
   7    N1        0.0080        0.5110      -10.1160 
   6    C8       -0.0890        1.1840      -11.2770 
   8    O2       -0.0750        2.4090      -11.3730 
   6    C9       -0.2150        0.3070      -12.5400 
   6   C10        0.9700        0.5210      -13.5280 
   6   C11        0.4280        0.8020      -14.9470 
   6   C12       -0.4100        2.1000      -14.9020 
   6   C13       -1.6440        1.8870      -13.9920 
   6   C14       -1.5620        0.5020      -13.3010 
   7    N2       -1.5930       -0.5030      -14.3870 
  16    S1       -3.0380       -1.3820      -14.7730 
   8    O3       -4.1930       -0.5260      -14.4600 
   8    O4       -2.8740       -1.9720      -16.1120 
   6   C15       -3.0670       -2.7340      -13.6360 
   6   C16       -3.2590       -2.4990      -12.2440 
   6   C17       -3.2730       -3.6650      -11.5210 
  16    S2       -3.0630       -5.0630      -12.5440 
   6   C18       -2.9450       -4.0580      -13.9620 
   6   C19       -0.4950       -0.3670      -15.3760 
   6   C20        0.3340        2.3390       -8.4250 
   6   C21        0.3440        2.7310       -7.0740 
   1    H1        1.6610        3.3590       -2.8400 
   1    H2        1.5680        4.8640       -3.7850 
   1    H3        2.1500        3.3430       -4.5510 
   1    H4       -0.3200        4.1170       -5.0200 
   1    H5       -0.8730        4.5940       -2.6300 
   1    H6       -0.5700        2.8920       -2.2100 
   1    H7       -1.9410        3.3330       -3.2900 
   1    H8       -0.1140       -0.3190       -5.6200 
   1    H9       -0.1490       -1.0160       -8.0010 
   1   H10        0.0110       -0.4980      -10.1950 
   1   H11       -0.2380       -0.7450      -12.2290 
   1   H12        1.5960       -0.3800      -13.5480 
   1   H13        1.5750        1.3720      -13.1930 
   1   H14        1.2650        0.9240      -15.6470 
   1   H15       -0.7410        2.3590      -15.9160 
   1   H16        0.2030        2.9190      -14.5050 
   1   H17       -2.5570        1.9380      -14.5980 
   1   H18       -1.6740        2.6740      -13.2290 
   1   H19       -2.3890        0.4140      -12.5850 
   1   H20       -3.3790       -1.5130      -11.8140 
   1   H21       -3.3930       -3.7910      -10.4530 
   1   H22       -2.7940       -4.5040      -14.9360 
   1   H23        0.0860       -1.2960      -15.4170 
   1   H24       -0.9140       -0.1580      -16.3680 
   1   H25        0.5010        3.0780       -9.2030 
   1   H26        0.5250        3.7710       -6.8190 

